
**cifar 10**
coda 
[99.3, 96.35, 94.4, 92.82, 91.1, 88.62, 87.91, 87.62, 87.7, 86.96] 91.3
// coda_knn_cosine
// [98.0, 92.05, 91.57, 89.3, 88.22, 86.42, 85.8, 85.85, 86.01, 84.8] 88.8
// coda_knn_euclidean
// [97.7, 94.45, 90.87, 88.4, 87.1, 84.23, 83.76, 82.96, 83.51, 82.6] 87.56
coda_knn
[99.4, 96.5, 94.7, 93.02, 91.82, 90.38, 89.33, 88.99, 89.3, 88.48] 92.19
coda_ncm
[98.2, 95.5, 93.93, 91.62, 90.22, 88.55, 87.17, 87.02, 87.08, 86.21] 90.55
coda_soinn
[98.8, 95.45, 93.63, 91.3, 89.58, 88.42, 87.59, 86.8, 87.11, 86.4] 90.508

coda_knn_upperbound
[99.4, 96.35, 95.03, 93.55, 92.48, 91.47, 91.06, 90.34, 90.7, 90.14] 93.05

simplecil 
[92.6, 88.3, 86.5, 83.7, 81.82, 80.07, 79.99, 77.31, 76.59, 76.21] 82.3
simplecil_new
[93.8, 92.1, 91.1, 88.88, 86.7, 84.7, 84.44, 81.92, 81.09, 80.48] 86,52

// simplecil_knn
// [94.0, 90.45, 89.03, 86.62, 84.76, 83.0, 82.76, 80.0, 79.26, 78.8] 84.9

simplecil_knn_cosine
[95.5, 91.85, 90.43, 87.7, 85.8, 83.95, 83.76, 81.1, 80.39, 80.02] 86.05
simplecil_soinn
[94.8, 91.4, 89.83, 86.7, 84.78, 82.65, 82.27, 79.09, 78.16, 77.59] 84.7

simplecil_hc_soinn
[92.6, 88.9, 87.37, 84.72, 83.34, 81.78, 81.83, 79.34, 78.24, 77.99] 83.61

**cifar 5**
coda

coda_knn

simplecil
[96.4, 92.6, 90.13, 88.3, 87.24, 86.5, 84.26, 83.7, 82.76, 81.82, 80.15, 80.07, 79.6, 79.99, 78.53, 77.31, 76.98, 76.59, 76.72, 76.21] 82.8

simplecil_knn

**cub 10**
coda
[96.46, 93.91, 86.86, 86.58, 83.45, 83.87, 84.81, 84.78, 84.11, 82.14, 80.06, 77.41, 77.4, 76.98, 74.81, 74.65, 72.98, 72.37, 71.16, 69.97] 80.74
coda_knn
[97.35, 95.22, 90.29, 92.17, 87.28, 87.76, 88.64, 88.46, 88.6, 88.69, 88.05, 86.96, 87.72, 88.07, 87.52, 87.35, 85.69, 85.57, 85.04, 84.44] 88.54
coda_ncm
[98.23, 97.39, 92.57, 93.06, 87.63, 87.76, 88.04, 88.35, 88.32, 87.41, 87.43, 86.67, 87.33, 87.46, 87.18, 86.56, 86.04, 85.43, 84.77, 84.18] 88.59
coda_soinn
[97.35, 92.61, 87.71, 88.81, 84.84, 85.4, 86.72, 86.25, 86.54, 86.31, 86.04, 85.32, 86.54, 86.43, 86.61, 85.81, 84.3, 84.21, 83.83, 82.65] 86.71
simplecil
[98.31, 97.57, 97.09, 95.37, 94.12, 91.67, 88.82, 88.79, 88.97, 88.89, 87.95, 85.52, 84.24, 83.67, 82.57, 82.65, 82.27, 82.0, 81.55, 80.49] 88.1
simplecil_new
[98.31, 97.57, 97.09, 95.37, 94.12, 91.67, 88.82, 88.79, 88.97, 88.89, 87.95, 85.52, 84.24, 83.67, 82.57, 82.65, 82.27, 82.0, 81.55, 80.49] 88.1
simplecil_knn
[99.15, 97.17, 97.09, 93.83, 93.23, 90.62, 87.28, 88.14, 88.59, 87.88, 87.87, 86.09, 85.03, 84.22, 83.53, 83.87, 83.7, 83.51, 83.19, 83.04] 88.35
esoinn
[98.31, 97.57, 96.51, 94.49, 93.23, 91.22, 88.43, 88.68, 89.07, 88.55, 87.72, 85.24, 83.98, 83.67, 83.14, 82.97, 82.57, 82.42, 82.21, 81.34] 88.07
simplecil_soinn
[99.15, 97.98, 97.38, 95.15, 95.37, 91.67, 89.07, 88.9, 89.35, 87.96, 87.64, 85.73, 84.64, 84.46, 84.15, 84.19, 83.65, 83.55, 82.52, 81.68] 88.71

hc-soinn
[99.15, 98.38, 98.26, 97.14, 96.43, 94.2, 92.03, 92.6, 92.21, 91.41, 91.33, 89.41, 88.12, 87.26, 86.53, 87.04, 86.81, 86.8, 86.33, 85.96]  91.37

**inr 5**
coda
[82.81, 79.42, 76.99, 74.53, 73.85, 73.87, 73.67, 72.95, 72.42, 72.32, 72.26, 71.24, 71.4, 69.6, 68.91, 67.71, 67.36, 68.09, 66.92, 65.71, 64.37, 63.44, 63.31, 63.47, 63.51, 62.28, 62.27, 62.61, 62.57, 62.65, 62.23, 62.39, 62.82, 62.94, 62.68, 62.56, 62.39, 62.6, 62.37, 61.93] 67.44
coda_knn
[73.96, 76.52, 76.99, 76.73, 77.64, 76.64, 75.44, 75.24, 75.14, 75.27, 75.75, 75.08, 75.84, 75.15, 74.42, 73.1, 73.88, 74.15, 73.23, 72.56, 71.6, 71.33, 71.55, 71.54, 72.01, 71.1, 70.74, 71.35, 71.23, 71.36, 70.9, 71.05, 71.31, 71.13, 71.41, 71.48, 71.68, 71.63, 71.48, 71.0] 73.24
coda_ncm
[72.4, 74.93, 74.95, 75.79, 73.97, 74.88, 74.15, 74.06, 73.74, 74.57, 74.79, 74.58, 75.63, 75.05, 74.85, 74.08, 73.61, 74.12, 73.3, 72.29, 71.63, 70.89, 71.0, 71.24, 71.26, 70.39, 70.03, 70.59, 70.65, 70.75, 70.24, 70.12, 70.53, 70.39, 70.52, 70.73, 70.57, 70.68, 70.57, 70.22] 72.47 
simplecil
[88.97, 82.97, 80.67, 79.1, 77.62, 75.23, 74.82, 72.22, 71.92, 70.92, 70.37, 70.01, 68.89, 68.81, 68.64, 68.29, 68.0, 66.74, 65.8, 65.83, 65.8, 65.25, 64.62, 64.36, 64.18, 63.82, 63.82, 64.1, 64.15, 63.57, 63.4, 63.22, 62.99, 62.15, 62.42, 62.42, 61.91, 61.63, 61.31, 61.35] 68.1
simplecil_new
[89.66, 83.28, 82.27, 80.12, 79.18, 76.95, 76.49, 75.09, 75.19, 74.37, 73.57, 72.86, 71.83, 71.46, 71.28, 70.5, 70.02, 68.84, 68.2, 68.41, 68.41, 67.79, 67.18, 66.94, 66.83, 66.39, 66.26, 66.45, 66.52, 65.95, 65.87, 65.47, 65.13, 64.24, 64.59, 64.64, 63.98, 63.8, 63.56, 63.57] 70.3
simplecil_knn

**inr 20**
coda
[86.01, 85.14, 82.66, 80.54, 78.51, 76.74, 74.24, 73.59, 73.87, 73.67] 78.50
coda_knn
[84.12, 81.52, 80.23, 79.77, 77.13, 76.24, 74.5, 73.72, 74.23, 73.73] 77.51
coda_ncm
[83.81, 80.34, 79.55, 78.66, 77.72, 76.0, 74.48, 73.76, 74.04, 73.47] 77.18
coda_soinn
[81.29, 79.53, 78.31, 76.6, 75.39, 73.73, 72.18, 71.25, 71.73, 71.38] 75.14
simplecil
[79.1, 72.22, 70.01, 68.29, 65.83, 64.36, 64.1, 63.22, 62.42, 61.35] 67.1
simplecil_new
[80.12, 75.09, 72.86, 70.5, 68.41, 66.94, 66.45, 65.47, 64.64, 63.57] 69.41
simplecil_knn_euclidean
[78.37, 73.05, 70.58, 68.53, 66.03, 64.06, 63.38, 63.2, 63.01, 62.08] 67.23
simplecil_knn_cosine
[78.37, 72.82, 70.06, 67.93, 66.1, 63.98, 63.55, 63.4, 62.96, 61.92] 67.10

simplecil_soinn
[76.05, 69.11, 67.15, 65.85, 63.79, 61.48, 60.47, 59.72, 59.12, 58.23] 64.10
hc-soinn
[79.1, 71.39, 70.89, 69.58, 67.5, 65.35, 65.05, 64.25, 64.29, 63.13] 68.10
